40
150.0 240.0 0.804 15.0 9.0 0.9
3.00 0.82 0.0
3.48 0.80 253.58
4.00 0.81 603.15
4.50 0.82 973.77
4.97 0.82 1386.10
5.37 0.83 1834.12
5.85 0.83 2439.96
6.29 0.83 3140.37
6.50 0.83 3493.16
6.94 0.81 4266.63
7.49 0.80 5363.57
8.47 0.80 7674.89
9.58 0.80 11165.28
10.48 0.80 14609.53
10.62 0.76 15000.0
10.69 0.71 15000.0
10.83 0.66 15000.0
11.04 0.60 15000.0
11.29 0.54 15000.0
11.73 0.46 15000.0
12.10 0.41 15000.0
12.48 0.37 15000.0
12.88 0.33 15000.0
13.29 0.30 15000.0
13.75 0.27 15000.0
14.49 0.22 15000.0
15.22 0.19 15000.0
15.78 0.17 15000.0
16.52 0.15 15000.0
17.44 0.13 15000.0
18.14 0.11 15000.0
19.06 0.10 15000.0
19.93 0.09 15000.0
20.67 0.08 15000.0
21.71 0.07 15000.0
22.85 0.06 15000.0
23.58 0.06 15000.0
24.32 0.05 15000.0
24.97 0.05 15000.0
25.00 0.05 15000.0
