25000.000000 1950.000000
25000.000000 2550.000000
25000.000000 3150.000000
25000.000000 3750.000000
25000.000000 4350.000000
25000.000000 4950.000000
25840.000000 2250.000000
25840.000000 2850.000000
25840.000000 3450.000000
25840.000000 4050.000000
25840.000000 4650.000000
25840.000000 5250.000000
26680.000000 1950.000000
26680.000000 2550.000000
26680.000000 3150.000000
26680.000000 3750.000000
26680.000000 4350.000000
26680.000000 4950.000000
27520.000000 2250.000000
27520.000000 2850.000000
27520.000000 3450.000000
27520.000000 4050.000000
27520.000000 4650.000000
27520.000000 5250.000000
28360.000000 1950.000000
28360.000000 2550.000000
28360.000000 3150.000000
28360.000000 3750.000000
28360.000000 4350.000000
28360.000000 4950.000000
29200.000000 2250.000000
29200.000000 2850.000000
29200.000000 3450.000000
29200.000000 4050.000000
29200.000000 4650.000000
29200.000000 5250.000000
30040.000000 1950.000000
30040.000000 2550.000000
30040.000000 3150.000000
30040.000000 3750.000000
30040.000000 4350.000000
30040.000000 4950.000000
30880.000000 2250.000000
30880.000000 2850.000000
30880.000000 3450.000000
30880.000000 4050.000000
30880.000000 4650.000000
30880.000000 5250.000000
31720.000000 1950.000000
31720.000000 2550.000000
31720.000000 3150.000000
31720.000000 3750.000000
31720.000000 4350.000000
31720.000000 4950.000000
32560.000000 2250.000000
32560.000000 2850.000000
32560.000000 3450.000000
32560.000000 4050.000000
32560.000000 4650.000000
32560.000000 5250.000000
33400.000000 1950.000000
33400.000000 2550.000000
33400.000000 3150.000000
33400.000000 3750.000000
33400.000000 4350.000000
33400.000000 4950.000000
34240.000000 2250.000000
34240.000000 2850.000000
34240.000000 3450.000000
34240.000000 4050.000000
34240.000000 4650.000000
34240.000000 5250.000000
49240.000000 1950.000000
49240.000000 2550.000000
49240.000000 3150.000000
49240.000000 3750.000000
49240.000000 4350.000000
49240.000000 4950.000000
50080.000000 2250.000000
50080.000000 2850.000000
50080.000000 3450.000000
50080.000000 4050.000000
50080.000000 4650.000000
50080.000000 5250.000000
50920.000000 1950.000000
50920.000000 2550.000000
50920.000000 3150.000000
50920.000000 3750.000000
50920.000000 4350.000000
50920.000000 4950.000000
51760.000000 2250.000000
51760.000000 2850.000000
51760.000000 3450.000000
51760.000000 4050.000000
51760.000000 4650.000000
51760.000000 5250.000000
52600.000000 1950.000000
52600.000000 2550.000000
52600.000000 3150.000000
52600.000000 3750.000000
52600.000000 4350.000000
52600.000000 4950.000000
53440.000000 2250.000000
53440.000000 2850.000000
53440.000000 3450.000000
53440.000000 4050.000000
53440.000000 4650.000000
53440.000000 5250.000000
54280.000000 1950.000000
54280.000000 2550.000000
54280.000000 3150.000000
54280.000000 3750.000000
54280.000000 4350.000000
54280.000000 4950.000000
55120.000000 2250.000000
55120.000000 2850.000000
55120.000000 3450.000000
55120.000000 4050.000000
55120.000000 4650.000000
55120.000000 5250.000000
55960.000000 1950.000000
55960.000000 2550.000000
55960.000000 3150.000000
55960.000000 3750.000000
55960.000000 4350.000000
55960.000000 4950.000000
56800.000000 2250.000000
56800.000000 2850.000000
56800.000000 3450.000000
56800.000000 4050.000000
56800.000000 4650.000000
56800.000000 5250.000000
57640.000000 1950.000000
57640.000000 2550.000000
57640.000000 3150.000000
57640.000000 3750.000000
57640.000000 4350.000000
57640.000000 4950.000000
58480.000000 2250.000000
58480.000000 2850.000000
58480.000000 3450.000000
58480.000000 4050.000000
58480.000000 4650.000000
58480.000000 5250.000000