20000.000000 6217.500000
20000.000000 7107.500000
20000.000000 7997.500000
20000.000000 8887.500000
20000.000000 9777.500000
20000.000000 10667.500000
20000.000000 11557.500000
20000.000000 12447.500000
20000.000000 13337.500000
21246.000000 6662.500000
21246.000000 7552.500000
21246.000000 8442.500000
21246.000000 9332.500000
21246.000000 10222.500000
21246.000000 11112.500000
21246.000000 12002.500000
21246.000000 12892.500000
21246.000000 13782.500000
22492.000000 6217.500000
22492.000000 7107.500000
22492.000000 7997.500000
22492.000000 8887.500000
22492.000000 9777.500000
22492.000000 10667.500000
22492.000000 11557.500000
22492.000000 12447.500000
22492.000000 13337.500000
23738.000000 6662.500000
23738.000000 7552.500000
23738.000000 8442.500000
23738.000000 9332.500000
23738.000000 10222.500000
23738.000000 11112.500000
23738.000000 12002.500000
23738.000000 12892.500000
23738.000000 13782.500000
24984.000000 6217.500000
24984.000000 7107.500000
24984.000000 7997.500000
24984.000000 8887.500000
24984.000000 9777.500000
24984.000000 10667.500000
24984.000000 11557.500000
24984.000000 12447.500000
24984.000000 13337.500000
26230.000000 6662.500000
26230.000000 7552.500000
26230.000000 8442.500000
26230.000000 9332.500000
26230.000000 10222.500000
26230.000000 11112.500000
26230.000000 12002.500000
26230.000000 12892.500000
26230.000000 13782.500000
27476.000000 6217.500000
27476.000000 7107.500000
27476.000000 7997.500000
27476.000000 8887.500000
27476.000000 9777.500000
27476.000000 10667.500000
27476.000000 11557.500000
27476.000000 12447.500000
27476.000000 13337.500000
28722.000000 6662.500000
28722.000000 7552.500000
28722.000000 8442.500000
28722.000000 9332.500000
28722.000000 10222.500000
28722.000000 11112.500000
28722.000000 12002.500000
28722.000000 12892.500000
28722.000000 13782.500000
29968.000000 6217.500000
29968.000000 7107.500000
29968.000000 7997.500000
29968.000000 8887.500000
29968.000000 9777.500000
29968.000000 10667.500000
29968.000000 11557.500000
29968.000000 12447.500000
29968.000000 13337.500000
31214.000000 6662.500000
31214.000000 7552.500000
31214.000000 8442.500000
31214.000000 9332.500000
31214.000000 10222.500000
31214.000000 11112.500000
31214.000000 12002.500000
31214.000000 12892.500000
31214.000000 13782.500000
32460.000000 6217.500000
32460.000000 7107.500000
32460.000000 7997.500000
32460.000000 8887.500000
32460.000000 9777.500000
32460.000000 10667.500000
32460.000000 11557.500000
32460.000000 12447.500000
32460.000000 13337.500000
33706.000000 6662.500000
33706.000000 7552.500000
33706.000000 8442.500000
33706.000000 9332.500000
33706.000000 10222.500000
33706.000000 11112.500000
33706.000000 12002.500000
33706.000000 12892.500000
33706.000000 13782.500000
34952.000000 6217.500000
34952.000000 7107.500000
34952.000000 7997.500000
34952.000000 8887.500000
34952.000000 9777.500000
34952.000000 10667.500000
34952.000000 11557.500000
34952.000000 12447.500000
34952.000000 13337.500000
36198.000000 6662.500000
36198.000000 7552.500000
36198.000000 8442.500000
36198.000000 9332.500000
36198.000000 10222.500000
36198.000000 11112.500000
36198.000000 12002.500000
36198.000000 12892.500000
36198.000000 13782.500000
37444.000000 6217.500000
37444.000000 7107.500000
37444.000000 7997.500000
37444.000000 8887.500000
37444.000000 9777.500000
37444.000000 10667.500000
37444.000000 11557.500000
37444.000000 12447.500000
37444.000000 13337.500000
38690.000000 6662.500000
38690.000000 7552.500000
38690.000000 8442.500000
38690.000000 9332.500000
38690.000000 10222.500000
38690.000000 11112.500000
38690.000000 12002.500000
38690.000000 12892.500000
38690.000000 13782.500000
39936.000000 6217.500000
39936.000000 7107.500000
39936.000000 7997.500000
39936.000000 8887.500000
39936.000000 9777.500000
39936.000000 10667.500000
39936.000000 11557.500000
39936.000000 12447.500000
39936.000000 13337.500000
41182.000000 6662.500000
41182.000000 7552.500000
41182.000000 8442.500000
41182.000000 9332.500000
41182.000000 10222.500000
41182.000000 11112.500000
41182.000000 12002.500000
41182.000000 12892.500000
41182.000000 13782.500000
