31			
90.0	126.0	0.75	10  9.0 0.9
0.0     0.0     0.0
1.0     0.75    0.0
2.0     0.75    0.0
3.0     0.75    0.0
4.0     0.75    178.6
5.0     0.75    410.7
6.0     0.75    736.6
7.0     0.75    1187.5
8.0     0.75    1776.8
9.0     0.75    2522.3
10.0    0.75    3446.4
11.0    0.75    4558.0
11.4    0.75    5000.0
12.0    0.75    5000.0
13.0    0.75    5000.0
14.0    0.75    5000.0
15.0    0.75    5000.0
16.0    0.75    5000.0
17.0    0.75    5000.0
18.0    0.75    5000.0
19.0    0.75    5000.0
20.0    0.75    5000.0
21.0    0.75    5000.0
22.0    0.75    5000.0
23.0    0.75    5000.0
24.0    0.75    5000.0
25.0    0.75    5000.0